solid spg.stl
facet normal 0.0 -0.054126583 0.0
  outer loop
    vertex -0.17677669 0.0 -0.17677669
    vertex 0.06470476 0.0 0.24148145
    vertex -0.24148145 0.0 -0.06470476
  endloop
endfacet
facet normal 0.0 -0.0625 -0.0
  outer loop
    vertex 0.06470476 0.0 0.24148145
    vertex -0.06470476 0.0 -0.24148145
    vertex 0.06470476 0.0 -0.24148145
  endloop
endfacet
facet normal 0.0 -0.039623402 0.0
  outer loop
    vertex 0.06470476 0.0 0.24148145
    vertex -0.24148145 0.0 0.06470476
    vertex -0.24148145 0.0 -0.06470476
  endloop
endfacet
facet normal -0.0 -0.008373411 -0.0
  outer loop
    vertex 0.17677669 0.0 0.17677669
    vertex 0.06470476 0.0 0.24148145
    vertex 0.24148145 0.0 0.06470476
  endloop
endfacet
facet normal -0.0 -0.054126583 0.0
  outer loop
    vertex 0.17677669 0.0 -0.17677669
    vertex 0.06470476 0.0 0.24148145
    vertex 0.06470476 0.0 -0.24148145
  endloop
endfacet
facet normal 0.0 -0.022876585 0.0
  outer loop
    vertex 0.06470476 0.0 0.24148145
    vertex 0.24148145 0.0 -0.06470476
    vertex 0.24148145 0.0 0.06470476
  endloop
endfacet
facet normal 0.0 -0.008373412 0.0
  outer loop
    vertex -0.17677669 0.0 0.17677669
    vertex 0.06470476 0.0 0.24148145
    vertex -0.06470476 0.0 0.24148145
  endloop
endfacet
facet normal 0.0 -0.0625 0.0
  outer loop
    vertex -0.06470476 0.0 -0.24148145
    vertex 0.06470476 0.0 0.24148145
    vertex -0.17677669 0.0 -0.17677669
  endloop
endfacet
facet normal -0.0 -0.03962341 0.0
  outer loop
    vertex 0.24148145 0.0 -0.06470476
    vertex 0.06470476 0.0 0.24148145
    vertex 0.17677669 0.0 -0.17677669
  endloop
endfacet
facet normal 0.0 -0.022876587 0.0
  outer loop
    vertex 0.06470476 0.0 0.24148145
    vertex -0.17677669 0.0 0.17677669
    vertex -0.24148145 0.0 0.06470476
  endloop
endfacet
facet normal -0.0 -0.049999997 0.0
  outer loop
    vertex 0.05 0.0 0.7414814
    vertex -0.05 0.0 0.7414814
    vertex -0.05 0.0 0.24148145
  endloop
endfacet
facet normal 0.0 -0.049999997 -0.0
  outer loop
    vertex 0.05 0.0 0.7414814
    vertex -0.05 0.0 0.24148145
    vertex 0.05 0.0 0.24148145
  endloop
endfacet
facet normal 0.0 -0.050000004 -0.0
  outer loop
    vertex -0.32743946 0.0 0.6671418
    vertex -0.414042 0.0 0.6171418
    vertex -0.164042 0.0 0.18412907
  endloop
endfacet
facet normal 0.0 -0.050000004 0.0
  outer loop
    vertex -0.32743946 0.0 0.6671418
    vertex -0.164042 0.0 0.18412907
    vertex -0.07743946 0.0 0.23412907
  endloop
endfacet
facet normal 0.0 -0.050000004 -0.0
  outer loop
    vertex -0.6171418 0.0 0.414042
    vertex -0.6671418 0.0 0.32743946
    vertex -0.23412907 0.0 0.07743946
  endloop
endfacet
facet normal 0.0 -0.049999997 0.0
  outer loop
    vertex -0.6171418 0.0 0.414042
    vertex -0.23412907 0.0 0.07743946
    vertex -0.18412907 0.0 0.164042
  endloop
endfacet
facet normal 0.0 -0.049999997 0.0
  outer loop
    vertex -0.7414814 0.0 0.05
    vertex -0.7414814 0.0 -0.05
    vertex -0.24148145 0.0 -0.05
  endloop
endfacet
facet normal 0.0 -0.049999997 0.0
  outer loop
    vertex -0.7414814 0.0 0.05
    vertex -0.24148145 0.0 -0.05
    vertex -0.24148145 0.0 0.05
  endloop
endfacet
facet normal 0.0 -0.050000004 0.0
  outer loop
    vertex -0.6671418 0.0 -0.32743946
    vertex -0.6171418 0.0 -0.414042
    vertex -0.18412907 0.0 -0.164042
  endloop
endfacet
facet normal 0.0 -0.050000004 0.0
  outer loop
    vertex -0.6671418 0.0 -0.32743946
    vertex -0.18412907 0.0 -0.164042
    vertex -0.23412907 0.0 -0.07743946
  endloop
endfacet
facet normal 0.0 -0.050000004 0.0
  outer loop
    vertex -0.414042 0.0 -0.6171418
    vertex -0.32743946 0.0 -0.6671418
    vertex -0.07743946 0.0 -0.23412907
  endloop
endfacet
facet normal 0.0 -0.049999997 0.0
  outer loop
    vertex -0.414042 0.0 -0.6171418
    vertex -0.07743946 0.0 -0.23412907
    vertex -0.164042 0.0 -0.18412907
  endloop
endfacet
facet normal 0.0 -0.049999997 0.0
  outer loop
    vertex -0.05 0.0 -0.7414814
    vertex 0.05 0.0 -0.7414814
    vertex 0.05 0.0 -0.24148145
  endloop
endfacet
facet normal 0.0 -0.049999997 0.0
  outer loop
    vertex -0.05 0.0 -0.7414814
    vertex 0.05 0.0 -0.24148145
    vertex -0.05 0.0 -0.24148145
  endloop
endfacet
facet normal 0.0 -0.050000004 0.0
  outer loop
    vertex 0.32743946 0.0 -0.6671418
    vertex 0.414042 0.0 -0.6171418
    vertex 0.164042 0.0 -0.18412907
  endloop
endfacet
facet normal 0.0 -0.050000004 0.0
  outer loop
    vertex 0.32743946 0.0 -0.6671418
    vertex 0.164042 0.0 -0.18412907
    vertex 0.07743946 0.0 -0.23412907
  endloop
endfacet
facet normal 0.0 -0.050000004 0.0
  outer loop
    vertex 0.6171418 0.0 -0.414042
    vertex 0.6671418 0.0 -0.32743946
    vertex 0.23412907 0.0 -0.07743946
  endloop
endfacet
facet normal 0.0 -0.049999997 0.0
  outer loop
    vertex 0.6171418 0.0 -0.414042
    vertex 0.23412907 0.0 -0.07743946
    vertex 0.18412907 0.0 -0.164042
  endloop
endfacet
facet normal 0.0 -0.049999997 0.0
  outer loop
    vertex 0.7414814 0.0 -0.05
    vertex 0.7414814 0.0 0.05
    vertex 0.24148145 0.0 0.05
  endloop
endfacet
facet normal 0.0 -0.049999997 0.0
  outer loop
    vertex 0.7414814 0.0 -0.05
    vertex 0.24148145 0.0 0.05
    vertex 0.24148145 0.0 -0.05
  endloop
endfacet
facet normal -0.0 -0.050000004 0.0
  outer loop
    vertex 0.6671418 0.0 0.32743946
    vertex 0.6171418 0.0 0.414042
    vertex 0.18412907 0.0 0.164042
  endloop
endfacet
facet normal 0.0 -0.050000004 0.0
  outer loop
    vertex 0.6671418 0.0 0.32743946
    vertex 0.18412907 0.0 0.164042
    vertex 0.23412907 0.0 0.07743946
  endloop
endfacet
facet normal -0.0 -0.050000004 0.0
  outer loop
    vertex 0.414042 0.0 0.6171418
    vertex 0.32743946 0.0 0.6671418
    vertex 0.07743946 0.0 0.23412907
  endloop
endfacet
facet normal 0.0 -0.049999997 0.0
  outer loop
    vertex 0.414042 0.0 0.6171418
    vertex 0.07743946 0.0 0.23412907
    vertex 0.164042 0.0 0.18412907
  endloop
endfacet
endsolid spg.stl
